    atom  a1    b1     a2    b2    a3    b3    a4    b4   c f'f''mu cov_rad weight
SFAC H  0.129 37.737 0.036 0.553 0.127 3.772 0.236 13.518 0 0 0 0 0.32 1.008
SFAC HE 0.078 19.191 0.040 0.309 0.125 2.053 0.174 6.989 0 0 0 0 0.93 4.003
SFAC LI 1.390 117.035 0.119 0.588 0.394 6.083 1.379 36.687 0 0 0 0 0.60 6.941
SFAC BE 1.065 66.144 0.118 0.461 0.439 4.485 1.428 21.589 0 0 0 0 0.31 9.012
SFAC B  0.765 51.783 0.130 0.419 0.521 3.927 1.377 16.688 0 0 0 0 0.82 10.811
SFAC C  0.600 40.938 0.136 0.374 0.547 3.278 1.225 13.013 0 0 0 0 0.77 12.011
SFAC N  0.482 31.526 0.135 0.324 0.519 2.607 1.075 10.017 0 0 0 0 0.75 14.007
SFAC O  0.392 25.675 0.144 0.306 0.511 2.272 0.937 8.270 0 0 0 0 0.73 15.999
SFAC F  0.309 22.005 0.152 0.289 0.519 2.062 0.822 7.261 0 0 0 0 0.72 18.998
SFAC NE 0.256 19.190 0.158 0.272 0.504 1.841 0.733 6.313 0 0 0 0 0.71 20.180
SFAC MG 1.958 80.547 0.325 0.446 0.922 3.572 1.998 24.183 0 0 0 0 1.36 24.305
SFAC AL 1.913 80.500 0.359 0.454 0.974 3.780 2.638 23.357 0 0 0 0 1.18 26.982
SFAC SI 1.762 64.441 0.362 0.428 0.974 3.553 2.725 19.406 0 0 0 0 1.11 28.086
SFAC P  1.567 49.607 0.354 0.394 0.941 3.189 2.622 15.680 0 0 0 0 1.06 30.974
SFAC S  1.390 40.169 0.348 0.365 0.915 2.890 2.506 13.043 0 0 0 0 1.02 32.066
SFAC CL 1.232 33.612 0.341 0.339 0.893 2.625 2.391 11.095 0 0 0 0 0.99 35.453
SFAC AR 1.075 28.970 0.341 0.323 0.900 2.487 2.263 9.764 0 0 0 0 0.98 39.948
SFAC K  3.532 150.836 0.566 0.507 2.414 5.768 2.457 31.814 0 0 0 0 1.33 39.098
SFAC CA 3.880 109.540 0.547 0.470 2.281 5.048 3.194 29.730 0 0 0 0 1.40 40.078
SFAC SC 3.431 98.119 0.539 0.444 2.211 4.574 3.117 26.467 0 0 0 0 0.81 44.956
SFAC TI 3.078 90.552 0.539 0.428 2.158 4.223 2.992 24.193 0 0 0 0 0.90 47.867
SFAC V  2.792 84.561 0.542 0.414 2.109 3.932 2.854 22.411 0 0 0 0 1.22 50.942
SFAC CR 1.989 87.861 0.548 0.403 2.072 3.698 2.352 20.054 0 0 0 0 1.18 51.996
SFAC MN 2.354 75.291 0.555 0.394 2.013 3.485 2.579 19.714 0 0 0 0 1.17 54.938
SFAC FE 2.177 71.621 0.563 0.387 1.966 3.307 2.453 18.670 0 0 0 0 1.17 55.845
SFAC CO 2.032 68.195 0.571 0.378 1.916 3.142 2.330 17.663 0 0 0 0 1.16 58.933
SFAC NI 1.890 65.305 0.582 0.373 1.870 3.009 2.221 16.917 0 0 0 0 1.15 58.693
SFAC CU 1.355 70.864 0.593 0.368 1.836 2.899 1.810 15.669 0 0 0 0 1.17 63.546
SFAC ZN 1.665 60.120 0.600 0.360 1.776 2.769 2.018 15.492 0 0 0 0 1.25 65.390
SFAC GA 1.931 74.503 0.671 0.388 1.849 3.024 2.649 19.106 0 0 0 0 1.26 69.723
SFAC GE 2.039 62.774 0.668 0.375 1.770 2.852 2.894 17.377 0 0 0 0 1.22 72.610
SFAC AS 2.015 50.642 0.651 0.355 1.665 2.611 2.985 15.035 0 0 0 0 1.20 74.922
SFAC SE 1.960 42.435 0.635 0.338 1.570 2.401 3.036 13.140 0 0 0 0 1.16 78.960
SFAC BR 1.861 36.786 0.624 0.323 1.495 2.244 3.075 11.727 0 0 0 0 1.14 79.904
SFAC KR 1.748 32.461 0.622 0.313 1.438 2.137 3.087 10.616 0 0 0 0 1.12 83.800
SFAC RB 4.353 154.533 1.017 0.485 2.871 5.122 3.514 25.929 0 0 0 0 1.48 85.468
SFAC SR 5.135 116.292 1.010 0.470 2.938 4.963 4.007 26.868 0 0 0 0 1.13 87.620
SFAC Y  4.642 99.298 0.976 0.445 2.871 4.567 4.159 24.096 0 0 0 0 1.53 88.906
SFAC ZR 4.151 89.731 0.957 0.426 2.852 4.312 4.178 22.129 0 0 0 0 0.80 91.224
SFAC NB 2.985 85.635 0.937 0.409 2.822 4.069 3.909 19.497 0 0 0 0 1.34 92.906
SFAC MO 2.625 82.593 0.934 0.400 2.866 3.959 3.825 18.676 0 0 0 0 1.30 95.940
SFAC TC 3.114 74.660 0.929 0.389 2.894 3.828 3.897 18.356 0 0 0 0 1.27 98.906
SFAC RU 2.200 74.517 0.916 0.377 2.873 3.643 3.548 16.480 0 0 0 0 1.25 101.070
SFAC RH 1.932 75.303 0.921 0.371 2.958 3.603 3.413 16.371 0 0 0 0 1.25 102.905
SFAC PD 1.413 37.395 0.784 0.310 2.175 2.588 3.199 9.848 0 0 0 0 1.28 106.420
SFAC AG 1.713 70.450 0.907 0.353 2.939 3.325 3.105 14.732 0 0 0 0 1.34 107.870
SFAC CD 2.190 62.472 0.906 0.347 2.945 3.225 3.183 14.804 0 0 0 0 1.48 112.410
SFAC IN 2.625 76.060 0.967 0.365 3.204 3.461 3.626 18.415 0 0 0 0 1.44 114.820
SFAC SN 2.882 66.558 0.953 0.354 3.115 3.269 3.901 17.617 0 0 0 0 1.41 118.710
SFAC SB 2.975 56.336 0.931 0.340 2.987 3.047 4.073 16.205 0 0 0 0 1.40 121.760
SFAC TE 3.074 48.129 0.905 0.325 2.841 2.817 4.167 14.617 0 0 0 0 1.36 127.600
SFAC I  2.929 43.268 0.892 0.315 2.745 2.663 4.334 13.708 0 0 0 0 1.33 126.900
SFAC XE 2.872 38.584 0.875 0.305 2.630 2.498 4.412 12.603 0 0 0 0 1.31 131.290
SFAC CS 5.641 168.782 1.295 0.445 3.870 4.325 5.663 24.179 0 0 0 0 1.69 132.910
SFAC BA 7.125 128.365 1.315 0.446 3.933 4.313 5.861 24.199 0 0 0 0 1.35 137.330
SFAC LA 6.822 106.424 1.097 0.378 3.620 3.436 6.204 20.312 0 0 0 0 1.69 138.910
SFAC CE 5.850 113.777 1.376 0.450 4.124 4.424 5.991 25.207 0 0 0 0 1.65 140.120
SFAC PR 6.409 117.398 1.334 0.430 3.882 4.048 5.306 22.279 0 0 0 0 1.50 140.910
SFAC ND 6.228 114.834 1.344 0.426 3.854 3.969 5.129 21.810 0 0 0 0 1.64 144.240
SFAC PM 6.025 112.856 1.360 0.424 3.843 3.927 4.963 21.600 0 0 0 0 1.63 146.920
SFAC SM 5.858 110.724 1.366 0.420 3.801 3.843 4.819 21.183 0 0 0 0 1.62 150.360
SFAC EU 5.604 110.928 1.392 0.421 3.820 3.845 4.721 21.594 0 0 0 0 1.85 151.960
SFAC GD 5.217 96.512 1.405 0.415 3.787 3.816 4.816 20.720 0 0 0 0 1.61 157.250
SFAC TB 5.284 107.388 1.413 0.415 3.766 3.740 4.452 21.130 0 0 0 0 1.59 158.930
SFAC DY 5.182 103.807 1.421 0.411 3.709 3.672 4.285 20.495 0 0 0 0 1.59 162.500
SFAC HO 5.012 86.953 1.379 0.393 3.544 3.414 4.412 18.523 0 0 0 0 1.58 164.930
SFAC ER 4.894 100.711 1.443 0.405 3.639 3.581 4.061 20.167 0 0 0 0 1.57 167.260
SFAC TM 4.774 98.690 1.450 0.401 3.595 3.523 3.949 19.872 0 0 0 0 1.56 168.930
SFAC YB 4.624 98.054 1.463 0.399 3.569 3.498 3.861 19.900 0 0 0 0 1.56 173.040
SFAC LU 4.450 84.664 1.444 0.389 3.478 3.351 4.079 18.906 0 0 0 0 1.56 174.970
SFAC HF 4.104 76.010 1.427 0.379 3.396 3.221 4.224 17.769 0 0 0 0 1.44 178.490
SFAC TA 3.748 70.207 1.418 0.372 3.344 3.131 4.320 16.850 0 0 0 0 1.34 180.950
SFAC W  3.452 65.570 1.408 0.365 3.295 3.043 4.366 15.906 0 0 0 0 1.30 183.840
SFAC RE 3.248 60.608 1.391 0.356 3.231 2.934 4.373 14.832 0 0 0 0 1.28 186.200
SFAC OS 3.024 56.982 1.381 0.348 3.190 2.855 4.370 14.011 0 0 0 0 1.26 190.230
SFAC IR 2.811 54.223 1.376 0.343 3.166 2.797 4.348 13.352 0 0 0 0 1.27 192.220
SFAC PT 2.174 50.387 1.348 0.332 3.066 2.657 4.212 12.009 0 0 0 0 1.30 195.080
SFAC AU 1.994 48.630 1.345 0.327 3.064 2.618 4.163 11.550 0 0 0 0 1.34 196.970
SFAC HG 2.270 47.992 1.357 0.326 3.134 2.641 4.195 11.706 0 0 0 0 1.49 200.590
SFAC TL 2.610 64.497 1.470 0.349 3.613 3.065 4.392 14.762 0 0 0 0 1.48 204.380
SFAC PB 2.909 60.255 1.469 0.345 3.636 3.030 4.573 14.850 0 0 0 0 1.47 207.200
SFAC BI 3.192 56.775 1.465 0.340 3.644 2.982 4.784 14.850 0 0 0 0 1.46 208.980
SFAC PO 3.462 50.424 1.435 0.330 3.539 2.830 4.910 13.958 0 0 0 0 1.46 209.980
SFAC AT 3.529 45.684 1.413 0.321 3.459 2.710 5.057 13.301 0 0 0 0 1.45 209.990
SFAC RN 3.430 42.340 1.400 0.315 3.411 2.628 5.244 12.899 0 0 0 0 1.45 222.000
